0.000000000000000000e+00
0.000000000000000000e+00
0.000000000000000000e+00
0.000000000000000000e+00
9.987681551137939095e-05
5.612125969491899014e-04
1.174741657450795174e-03
4.437384195625782013e-03
6.824915762990713120e-03
1.317422837018966675e-02
1.647491939365863800e-02
2.154961228370666504e-02
2.406080067157745361e-02
2.312386222183704376e-02
3.057181835174560547e-02
2.655296586453914642e-02
3.056230582296848297e-02
2.864086627960205078e-02
2.980609610676765442e-02
3.429104015231132507e-02
4.798843339085578918e-02
4.509200528264045715e-02
4.663771763443946838e-02
3.968438878655433655e-02
3.723502904176712036e-02
3.877598419785499573e-02
3.772965818643569946e-02
3.176082670688629150e-02
2.756124548614025116e-02
2.699527703225612640e-02
2.931146882474422455e-02
2.566834166646003723e-02
2.225350588560104370e-02
2.100742422044277191e-02
1.635126210749149323e-02
1.393995061516761780e-02
1.085803657770156860e-02
9.626222774386405945e-03
9.022206068038940430e-03
9.160131216049194336e-03
7.367104291915893555e-03
7.676247041672468185e-03
1.143351756036281586e-02
9.597687050700187683e-03
7.685759104788303375e-03
6.292239762842655182e-03
5.060425493866205215e-03
3.980804700404405594e-03
6.934304721653461456e-03
4.670430440455675125e-03
6.744063459336757660e-03
5.521761253476142883e-03
8.903305046260356903e-03
6.996133364737033844e-03
8.955621160566806793e-03
4.432628396898508072e-03
9.592930786311626434e-03
3.942756447941064835e-03
9.478786028921604156e-03
1.640833448618650436e-03
3.167521907016634941e-03
2.102169208228588104e-03
2.877403516322374344e-03
1.260350341908633709e-03
3.272154834121465683e-03
1.869123312644660473e-03
4.993841052055358887e-03
2.649113768711686134e-03
1.631321385502815247e-03
4.423116333782672882e-04
6.182850484037771821e-05
1.949975994648411870e-04
4.756038833875209093e-06
